0.5000 417.0000
185.5000 254.0000
186.0000 253.5000
187.0000 253.5000
188.0000 253.5000
189.0000 253.5000
190.0000 253.5000
191.0000 253.5000
192.0000 253.5000
193.0000 253.5000
193.5000 254.0000
194.0000 254.5000
195.0000 254.5000
196.0000 254.5000
197.0000 254.5000
197.5000 255.0000
198.0000 255.5000
199.0000 255.5000
200.0000 255.5000
201.0000 255.5000
201.5000 256.0000
202.0000 256.5000
203.0000 256.5000
203.5000 257.0000
204.0000 257.5000
205.0000 257.5000
205.5000 258.0000
206.0000 258.5000
207.0000 258.5000
207.5000 259.0000
208.0000 259.5000
208.5000 260.0000
208.0000 260.5000
207.5000 261.0000
207.0000 261.5000
206.0000 261.5000
205.5000 262.0000
205.0000 262.5000
204.0000 262.5000
203.0000 262.5000
202.5000 263.0000
202.0000 263.5000
201.0000 263.5000
200.0000 263.5000
199.5000 264.0000
199.0000 264.5000
198.5000 265.0000
198.5000 266.0000
198.5000 267.0000
198.5000 268.0000
198.5000 269.0000
199.0000 269.5000
199.5000 270.0000
200.0000 270.5000
200.5000 271.0000
200.5000 272.0000
201.0000 272.5000
201.5000 273.0000
202.0000 273.5000
202.5000 274.0000
203.0000 274.5000
203.5000 275.0000
204.0000 275.5000
204.5000 276.0000
205.0000 276.5000
205.5000 277.0000
206.0000 277.5000
206.5000 278.0000
207.0000 278.5000
208.0000 278.5000
209.0000 278.5000
209.5000 279.0000
210.0000 279.5000
210.5000 280.0000
211.0000 280.5000
212.0000 280.5000
213.0000 280.5000
214.0000 280.5000
214.5000 281.0000
215.0000 281.5000
216.0000 281.5000
216.5000 282.0000
217.0000 282.5000
218.0000 282.5000
219.0000 282.5000
220.0000 282.5000
220.5000 283.0000
221.0000 283.5000
222.0000 283.5000
223.0000 283.5000
224.0000 283.5000
224.5000 284.0000
225.0000 284.5000
226.0000 284.5000
227.0000 284.5000
228.0000 284.5000
228.5000 285.0000
229.0000 285.5000
230.0000 285.5000
231.0000 285.5000
231.5000 286.0000
232.0000 286.5000
233.0000 286.5000
233.5000 287.0000
234.0000 287.5000
235.0000 287.5000
235.5000 288.0000
236.0000 288.5000
237.0000 288.5000
237.5000 289.0000
238.0000 289.5000
239.0000 289.5000
240.0000 289.5000
241.0000 289.5000
241.5000 290.0000
242.0000 290.5000
243.0000 290.5000
244.0000 290.5000
245.0000 290.5000
246.0000 290.5000
247.0000 290.5000
248.0000 290.5000
249.0000 290.5000
250.0000 290.5000
251.0000 290.5000
252.0000 290.5000
253.0000 290.5000
254.0000 290.5000
254.5000 291.0000
255.0000 291.5000
255.5000 291.0000
256.0000 290.5000
257.0000 290.5000
258.0000 290.5000
259.0000 290.5000
259.5000 290.0000
260.0000 289.5000
261.0000 289.5000
262.0000 289.5000
263.0000 289.5000
264.0000 289.5000
265.0000 289.5000
265.5000 289.0000
266.0000 288.5000
267.0000 288.5000
268.0000 288.5000
268.5000 288.0000
269.0000 287.5000
270.0000 287.5000
271.0000 287.5000
271.5000 287.0000
272.0000 286.5000
273.0000 286.5000
273.5000 286.0000
274.0000 285.5000
275.0000 285.5000
275.5000 285.0000
276.0000 284.5000
276.5000 284.0000
277.0000 283.5000
278.0000 283.5000
278.5000 283.0000
279.0000 282.5000
279.5000 282.0000
280.0000 281.5000
281.0000 281.5000
281.5000 281.0000
282.0000 280.5000
282.5000 280.0000
283.0000 279.5000
283.5000 279.0000
283.5000 278.0000
284.0000 277.5000
284.5000 277.0000
284.5000 276.0000
285.0000 275.5000
285.5000 275.0000
285.5000 274.0000
286.0000 273.5000
286.5000 273.0000
287.0000 272.5000
287.5000 272.0000
288.0000 271.5000
288.5000 271.0000
289.0000 270.5000
290.0000 270.5000
290.5000 270.0000
291.0000 269.5000
292.0000 269.5000
292.5000 269.0000
293.0000 268.5000
294.0000 268.5000
295.0000 268.5000
296.0000 268.5000
297.0000 268.5000
298.0000 268.5000
299.0000 268.5000
300.0000 268.5000
300.5000 269.0000
301.0000 269.5000
302.0000 269.5000
302.5000 270.0000
303.0000 270.5000
303.5000 271.0000
304.0000 271.5000
304.5000 272.0000
305.0000 272.5000
305.5000 273.0000
306.0000 273.5000
306.5000 274.0000
306.5000 275.0000
306.5000 276.0000
306.5000 277.0000
307.0000 277.5000
307.5000 278.0000
307.5000 279.0000
307.5000 280.0000
307.5000 281.0000
307.5000 282.0000
307.0000 282.5000
306.5000 283.0000
306.5000 284.0000
306.5000 285.0000
306.5000 286.0000
306.0000 286.5000
305.5000 287.0000
305.0000 287.5000
304.5000 288.0000
304.0000 288.5000
303.5000 289.0000
303.0000 289.5000
302.0000 289.5000
301.5000 290.0000
301.0000 290.5000
300.0000 290.5000
299.5000 291.0000
299.0000 291.5000
298.0000 291.5000
297.0000 291.5000
296.0000 291.5000
295.5000 292.0000
295.0000 292.5000
294.0000 292.5000
293.0000 292.5000
292.0000 292.5000
291.0000 292.5000
290.0000 292.5000
289.0000 292.5000
288.0000 292.5000
287.5000 293.0000
287.0000 293.5000
286.0000 293.5000
285.0000 293.5000
284.0000 293.5000
283.5000 294.0000
283.0000 294.5000
282.0000 294.5000
281.0000 294.5000
280.0000 294.5000
279.5000 295.0000
279.0000 295.5000
278.0000 295.5000
277.0000 295.5000
276.5000 296.0000
276.0000 296.5000
275.0000 296.5000
274.0000 296.5000
273.0000 296.5000
272.5000 297.0000
272.0000 297.5000
271.0000 297.5000
270.0000 297.5000
269.0000 297.5000
268.0000 297.5000
267.5000 298.0000
267.0000 298.5000
266.0000 298.5000
265.0000 298.5000
264.0000 298.5000
263.0000 298.5000
262.0000 298.5000
261.5000 299.0000
261.0000 299.5000
260.0000 299.5000
259.0000 299.5000
258.0000 299.5000
257.5000 300.0000
257.0000 300.5000
256.0000 300.5000
255.0000 300.5000
254.0000 300.5000
253.0000 300.5000
252.0000 300.5000
251.0000 300.5000
250.0000 300.5000
249.0000 300.5000
248.0000 300.5000
247.0000 300.5000
246.0000 300.5000
245.0000 300.5000
244.0000 300.5000
243.0000 300.5000
242.5000 300.0000
242.0000 299.5000
241.0000 299.5000
240.0000 299.5000
239.5000 299.0000
239.0000 298.5000
238.0000 298.5000
237.5000 298.0000
237.0000 297.5000
236.0000 297.5000
235.0000 297.5000
234.5000 297.0000
234.0000 296.5000
233.0000 296.5000
232.5000 296.0000
232.0000 295.5000
231.0000 295.5000
230.5000 295.0000
230.0000 294.5000
229.0000 294.5000
228.5000 294.0000
228.0000 293.5000
227.0000 293.5000
226.0000 293.5000
225.5000 293.0000
225.0000 292.5000
224.0000 292.5000
223.0000 292.5000
222.5000 292.0000
222.0000 291.5000
221.0000 291.5000
220.0000 291.5000
219.0000 291.5000
218.0000 291.5000
217.5000 291.0000
217.0000 290.5000
216.0000 290.5000
215.0000 290.5000
214.0000 290.5000
213.0000 290.5000
212.0000 290.5000
211.0000 290.5000
210.0000 290.5000
209.0000 290.5000
208.0000 290.5000
207.5000 290.0000
207.0000 289.5000
206.0000 289.5000
205.0000 289.5000
204.5000 289.0000
204.0000 288.5000
203.0000 288.5000
202.5000 288.0000
202.0000 287.5000
201.0000 287.5000
200.5000 287.0000
200.0000 286.5000
199.0000 286.5000
198.5000 286.0000
198.0000 285.5000
197.5000 285.0000
197.0000 284.5000
196.5000 284.0000
196.0000 283.5000
195.5000 283.0000
195.0000 282.5000
194.5000 282.0000
194.0000 281.5000
193.5000 281.0000
193.0000 280.5000
192.5000 280.0000
192.0000 279.5000
191.5000 279.0000
191.0000 278.5000
190.5000 278.0000
190.0000 277.5000
189.5000 277.0000
189.0000 276.5000
188.5000 276.0000
188.0000 275.5000
187.5000 275.0000
187.0000 274.5000
186.5000 274.0000
186.5000 273.0000
186.0000 272.5000
185.5000 272.0000
185.0000 271.5000
184.5000 271.0000
184.0000 270.5000
183.5000 270.0000
183.0000 269.5000
182.5000 269.0000
182.5000 268.0000
182.0000 267.5000
181.5000 267.0000
181.5000 266.0000
181.0000 265.5000
180.5000 265.0000
180.5000 264.0000
180.5000 263.0000
180.0000 262.5000
179.5000 262.0000
179.5000 261.0000
179.5000 260.0000
180.0000 259.5000
180.5000 259.0000
180.5000 258.0000
181.0000 257.5000
181.5000 257.0000
182.0000 256.5000
182.5000 256.0000
183.0000 255.5000
183.5000 255.0000
184.0000 254.5000
185.0000 254.5000
185.5000 254.0000
